,X,Y,d
0,622.6428571428571,330.85714285714283,40193.197421190904
1,812.5,392.0555555555556,43174.93616234385
2,639.0,423.0,11429.002987053587
3,743.0,459.0,12434.840216490786
4,470.4,459.8857142857143,39109.809310344855
5,554.0,492.99999999999994,11638.963510656984
6,756.6666666666666,559.5,11120.352420160109
7,846.8333333333334,591.1666666666666,40392.38367831993
8,579.0,597.0,10588.822776787656
9,676.1666666666666,632.0,11110.465613316175
10,502.5,653.0,38999.51747891094
11,693.2121212121211,724.0151515151515,39594.61337916262
