,X,Y,d
0,622.5,315.5,40905.05725086807
1,658.3333333333334,356.6666666666667,25088.107389756948
2,597.1666666666666,369.3333333333333,24635.351973090306
3,809.5,379.0,42211.157250868026
4,757.0,393.0,25187.90683420137
5,521.0,432.0,24993.778500868088
6,792.0,435.99999999999994,24869.66433420137
7,471.5,446.0,38633.83058420143
8,501.5,485.5,24598.40641753476
9,814.0,529.75,25328.37225086802
10,847.75,575.75,40633.81954253467
11,517.0,589.5,24736.52933420142
12,796.0,594.0,25966.604334201355
13,557.0,633.0,23624.67350086807
14,501.5,638.5,38969.95141753475
15,715.0,664.0,25727.153500868037
16,651.0,667.0,23114.16183420138
17,692.7083333333333,709.0833333333333,39037.09068836801
