,X,Y,d
0,617.0,316.0,40601.20210069445
1,649.0,352.0,26272.93543402778
2,595.0,364.5,25876.135434027783
3,806.25,377.25,41765.31251736109
4,759.0,388.0,26821.5187673611
5,514.9999999999999,432.0,26150.55210069449
6,792.0,435.0,25180.493767361095
7,473.5,445.0,37478.2729340278
8,501.0,488.0,24201.168767361127
9,813.0,534.0,25560.568767361096
10,847.5,575.0,41016.65626736109
11,518.0,588.0,24075.27710069446
12,799.0,598.0,27971.185434027764
13,557.8333333333334,637.0,24450.09793402778
14,502.5,638.25,38505.343767361126
15,712.0,657.0,23769.16043402777
16,650.0,668.0,23735.177100694444
17,693.0,704.5,37781.81876736111
