,X,Y,d
0,622.0,326.0,39881.97745198905
1,654.3333333333334,361.5,25827.347822359417
2,603.0,367.0,27273.440414952005
3,812.0,391.0,40397.995970507574
4,762.0,398.0,25877.97745198905
5,799.0,442.0,25833.051526063122
6,517.9999999999999,448.0,25563.273748285355
7,473.0,460.0,38703.38485939643
8,499.5,497.0,26284.394118655684
9,818.5,547.5,25872.153377914958
10,849.5,585.0,39990.542266803845
11,803.0,600.0,26609.68115569273
12,521.5,603.5,25712.67189643345
13,558.6666666666666,644.6666666666666,25218.594735939616
14,508.0,651.0,39612.73671124826
15,719.0,674.0,26587.8663408779
16,658.5,683.5,26044.74597050752
17,694.5,718.5,39778.3200445816
