,X,Y,d
0,623.75,325.0,40041.554887902974
1,656.6666666666666,356.8333333333333,27248.044548396807
2,601.0,371.0,26190.503036051112
3,809.0,390.5,39600.24979531039
4,764.0,402.0,25283.88359160668
5,798.0,440.0,25876.80766568075
6,520.0,441.0,26011.099332347396
7,472.0,460.0,38998.01507308812
8,502.0,496.0,25486.726184199237
9,817.0,547.0,25426.562295310367
10,848.25,588.5,40052.089610125186
11,522.2,602.6,25376.701184199213
12,801.5,603.0,26735.011369384432
13,559.25,646.375,25556.375721236258
14,507.0,650.0,39681.88544345848
15,720.0,674.0,26797.135443458486
16,656.0,683.0,25972.712295310335
17,694.0,717.0,39260.388221236266
